1.000000e+01 -1.000000e+01
1.000000e+01 1.953002e+00
1.000000e+01 1.000000e+01
-1.831932e+00 1.000000e+01
-1.000000e+01 1.000000e+01
-1.000000e+01 -1.909436e+00
-1.000000e+01 -1.000000e+01
1.738661e+00 -1.000000e+01
1.000000e+00 -1.000000e+00
-3.064467e-01 -1.000000e+00
-1.000000e+00 -1.000000e+00
-1.000000e+00 1.000000e+00
5.074819e-02 1.000000e+00
1.000000e+00 1.000000e+00
1.000000e+00 5.191064e-01
1.606996e+00 6.222544e-01
1.592575e+00 1.189840e+00
1.808360e+00 -1.955229e-01
8.829504e-01 1.471610e+00
2.700889e+00 5.649153e-01
-4.888563e-01 -1.553744e+00
1.855663e+00 2.238044e+00
4.075265e-01 -1.763931e+00
-1.102436e+00 -1.628398e+00
-1.592180e+00 -1.029492e+00
-1.977897e+00 -2.191493e+00
-1.523394e+00 -9.541325e-02
-3.343098e-01 -2.414710e+00
-2.285264e+00 -2.660173e-01
1.423631e+00 -1.767501e+00
1.900002e+00 -1.151871e+00
2.652509e+00 -2.057430e+00
1.316586e+00 -2.887399e+00
-2.383151e-02 1.885571e+00
6.320030e-02 -4.528032e+00
-1.194424e+00 1.801924e+00
-6.716256e-01 3.752416e+00
-1.711442e+00 8.003062e-01
-2.521233e+00 1.542026e+00
2.745282e+00 -7.565056e-01
-4.309775e+00 -6.498687e-01
4.810865e+00 -9.715678e-01
4.652003e+00 1.757755e+00
-4.895264e+00 3.790702e+00
3.936502e+00 -4.839556e+00
3.989923e+00 4.957231e+00
-4.097643e+00 -4.877335e+00
7.170343e+00 -3.462295e+00
